0.0000000000 0.0000000000 0.0000000000 0.0000000000 0.0000000000 0.0000000000 0.0000000000 0.0000000000 0.0000000000 0.0000000000 0.0000000000 0.0000000000 0.0000000000 0.0000000000 0.0000000000 0.0000000000 0.0000000000 0.0000000000 0.0000000000 0.0000000000 0.0000000000 0.0000000000 0.0000000000 0.0000000000
0.0000000000 0.0000000000 0.0000000000 0.0000000000 0.0000000000 0.0000000000 0.0000000000 0.0000000000 0.0000000000 0.0000000000 0.0000000000 0.0000000000 0.0000087141 0.0000000000 0.0000000000 0.0000000000 0.0000000000 0.0000000000 0.0000000000 0.0000000000 0.0000000000 0.0000000000 0.0000000000 0.0000000000
0.0000000000 0.0000000000 0.0000000000 0.0000000000 0.0000000000 0.0000000000 0.0000000000 0.0000000000 0.0000000000 0.0000000000 0.0000000000 0.0000002723 0.0000125265 0.0000103479 0.0000000000 0.0000000000 0.0000000000 0.0000000000 0.0000000000 0.0000000000 0.0000000000 0.0000000000 0.0000000000 0.0000000000
0.0000000000 0.0000000000 0.0000000000 0.0000000000 0.0000000000 0.0000000000 0.0000000000 0.0000000000 0.0000000000 0.0000000000 0.0000000000 0.0000002723 0.0000168835 0.0008172157 0.0005756728 0.0000000000 0.0000000000 0.0000000000 0.0000000000 0.0000000000 0.0000000000 0.0000000000 0.0000000000 0.0000000000
0.0000000000 0.0000000000 0.0000000000 0.0000000000 0.0000000000 0.0000000000 0.0000000000 0.0000000000 0.0000000000 0.0000000000 0.0000035401 0.0000043570 0.0003115278 0.0019380621 0.0020693176 0.0004860813 0.0000000000 0.0000000000 0.0000000000 0.0000000000 0.0000000000 0.0000000000 0.0000000000 0.0000000000
0.0000000000 0.0000000000 0.0000000000 0.0000000000 0.0000000000 0.0000000000 0.0000000000 0.0000000000 0.0000000000 0.0000000000 0.0000000000 0.0000498335 0.0027166091 0.0030281369 0.0031860793 0.0020608759 0.0000002723 0.0000000000 0.0000000000 0.0000000000 0.0000000000 0.0000000000 0.0000000000 0.0000000000
0.0000000000 0.0000000000 0.0000000000 0.0000000000 0.0000000000 0.0000000000 0.0000000000 0.0000000000 0.0000000000 0.0000000000 0.0000035401 0.0003670799 0.0080664992 0.0052537630 0.0064745488 0.0043943386 0.0011350067 0.0000000000 0.0000000000 0.0000000000 0.0000000000 0.0000000000 0.0000000000 0.0000000000
0.0000000000 0.0000000000 0.0000000000 0.0000000000 0.0000000000 0.0000000000 0.0000000000 0.0000000000 0.0000000000 0.0000000000 0.0000051740 0.0008716786 0.0058177263 0.0068280130 0.0091952427 0.0072615376 0.0036176977 0.0000266868 0.0000000000 0.0000000000 0.0000000000 0.0000000000 0.0000000000 0.0000000000
0.0000000000 0.0000000000 0.0000000000 0.0000000000 0.0000000000 0.0000000000 0.0000000000 0.0000000000 0.0000000000 0.0000000000 0.0001489560 0.0011464439 0.0054495571 0.0094713695 0.0113827448 0.0111825937 0.0068906453 0.0011047798 0.0000000000 0.0000000000 0.0000000000 0.0000000000 0.0000000000 0.0000000000
0.0000000000 0.0000000000 0.0000000000 0.0000000000 0.0000000000 0.0000000000 0.0000000000 0.0000000000 0.0000000000 0.0000000000 0.0004615730 0.0011110430 0.0046162749 0.0094365133 0.0112324272 0.0127222597 0.0103819891 0.0043624778 0.0000000000 0.0000000000 0.0000000000 0.0000000000 0.0000000000 0.0000000000
0.0000000000 0.0000000000 0.0000000000 0.0000000000 0.0000000000 0.0000000000 0.0000000000 0.0000000000 0.0000000000 0.0000000000 0.0001560362 0.0005996365 0.0032745815 0.0077606900 0.0107332748 0.0126607166 0.0134185678 0.0100130030 0.0008155818 0.0000000000 0.0000000000 0.0000000000 0.0000000000 0.0000000000
0.0000000000 0.0000000000 0.0000000000 0.0000000000 0.0000000000 0.0000000000 0.0000000000 0.0000000000 0.0000000000 0.0000000000 0.0000117095 0.0006472915 0.0022558531 0.0044866532 0.0079169985 0.0107414442 0.0132952093 0.0135283105 0.0058882558 0.0000000000 0.0000000000 0.0000000000 0.0000000000 0.0000000000
0.0000000000 0.0000000000 0.0000000000 0.0000000000 0.0000000000 0.0000000000 0.0000000000 0.0000000000 0.0000000000 0.0000000000 0.0000024508 0.0005699542 0.0019023889 0.0027296802 0.0061660165 0.0086514307 0.0104612326 0.0136195358 0.0114821396 0.0001135551 0.0000000000 0.0000000000 0.0000000000 0.0000000000
0.0000000000 0.0000000000 0.0000000000 0.0000000000 0.0000000000 0.0000000000 0.0000000000 0.0000000000 0.0000000000 0.0000000000 0.0000084417 0.0009893185 0.0018844161 0.0023397259 0.0047911008 0.0067463186 0.0089515212 0.0124880692 0.0175422258 0.0072198735 0.0000000000 0.0000000000 0.0000000000 0.0000000000
0.0000000000 0.0000000000 0.0000000000 0.0000000000 0.0000000000 0.0000000000 0.0000000000 0.0000000000 0.0000000000 0.0000000000 0.0000607261 0.0006532824 0.0016793633 0.0032334620 0.0033641729 0.0053098598 0.0085207197 0.0100159985 0.0192006209 0.0136669186 0.0000000000 0.0000000000 0.0000000000 0.0000000000
0.0000000000 0.0000000000 0.0000000000 0.0000000000 0.0000000000 0.0000000000 0.0000000000 0.0000000000 0.0000000000 0.0000000000 0.0000397579 0.0002418152 0.0014315572 0.0014726766 0.0022046579 0.0044700420 0.0073865300 0.0101262858 0.0194936312 0.0250847919 0.0000000000 0.0000000000 0.0000000000 0.0000000000
0.0000000000 0.0000000000 0.0000000000 0.0000000000 0.0000000000 0.0000000000 0.0000000000 0.0000000000 0.0000000000 0.0000000000 0.0000152496 0.0001315279 0.0003286836 0.0010712851 0.0019701952 0.0036460184 0.0070592080 0.0104070421 0.0159156914 0.0285810374 0.0032010566 0.0000000000 0.0000000000 0.0000000000
0.0000000000 0.0000000000 0.0000000000 0.0000000000 0.0000000000 0.0000000000 0.0000000000 0.0000000000 0.0000000000 0.0000000000 0.0000002723 0.0000814220 0.0001936156 0.0005114066 0.0015511032 0.0023301949 0.0047793912 0.0076697370 0.0115951501 0.0203903628 0.0079883449 0.0000000000 0.0000000000 0.0000000000
0.0000000000 0.0000000000 0.0000000000 0.0000000000 0.0000000000 0.0000000000 0.0000000000 0.0000000000 0.0000000000 0.0000000000 0.0000000000 0.0000547352 0.0001239031 0.0004022085 0.0012678962 0.0017790304 0.0025298014 0.0059704947 0.0075594497 0.0133518507 0.0106837136 0.0000000000 0.0000000000 0.0000000000
0.0000000000 0.0000000000 0.0000000000 0.0000000000 0.0000000000 0.0000000000 0.0000000000 0.0000000000 0.0000000000 0.0000000000 0.0000000000 0.0000416641 0.0000898638 0.0003175187 0.0010190007 0.0014517084 0.0017387279 0.0022711027 0.0059544282 0.0093542743 0.0108686151 0.0010538570 0.0000000000 0.0000000000
0.0000000000 0.0000000000 0.0000000000 0.0000000000 0.0000000000 0.0000000000 0.0000000000 0.0000000000 0.0000000000 0.0000000000 0.0000000000 0.0000476550 0.0000672617 0.0002878364 0.0008825712 0.0011984560 0.0013226314 0.0015173362 0.0037140970 0.0068756680 0.0106483127 0.0030834167 0.0000000000 0.0000000000
0.0000000000 0.0000000000 0.0000000000 0.0000000000 0.0000000000 0.0000000000 0.0000000000 0.0000000000 0.0000000000 0.0000000000 0.0000000000 0.0000078971 0.0000356732 0.0002736760 0.0009522837 0.0010712851 0.0012902260 0.0014677750 0.0027443852 0.0064070148 0.0105088877 0.0039853223 0.0000000000 0.0000000000
0.0000000000 0.0000000000 0.0000000000 0.0000000000 0.0000000000 0.0000000000 0.0000000000 0.0000000000 0.0000000000 0.0000000000 0.0000000000 0.0000081694 0.0000669894 0.0003801510 0.0009304985 0.0015448400 0.0023462615 0.0034412379 0.0058340652 0.0094414149 0.0121190831 0.0089727617 0.0011655059 0.0000000000
0.0000000000 0.0000000000 0.0000000000 0.0000000000 0.0000000000 0.0000000000 0.0000000000 0.0000000000 0.0000000000 0.0000000000 0.0000000000 0.0185002281 0.0228749600 0.0121936973 0.0108299464 0.0104261041 0.0093929430 0.0090876785 0.0101200226 0.0098787520 0.0100936081 0.0099348488 0.0024878650 0.0000000000
